651293
270508
382959
563680
751623
473449
292142
278899
5188
304673
51652
650716
652061
115824
216129
94361
598657
664665
724129
687511
642126
788497
644322
382977
30124
7773
152361
711007
465129
73830
77427
60683
7641
700333
448924
774767
425632
706766
12541
303416
42594
448922
237707
160910
15697
256237
251090
281027
13565
457692
292110
274028
65496
297661
85838
792118
268967
785546
90019
703929
162018
794717
428297
671766
638865
348417
46962
441845
441836
761136
317709
718199
304687
188079
356430
13618
761760
107040
785540
422656
121079
30203
807057
758186
441841
711689
310664
793232
122238
19757
480712
90013
323504
18125
574932
406169
28511
635749
806378
18198
282491
310165
149260
300865
563667
463845
5340
448912
361177
380443
300819
419878
333744
2416
7801
221382
51444
317264
612095
488542
144043
89369
15572
664675
764994
224394
418672
259323
570249
809238
10473
440415
393093
205417
170978
316562
333240
175023
744579
104210
610370
194426
310669
56329
382516
84087
310682
495072
221407
595510
693547
660783
63111
53813
577998
339676
349073
411830
498624
254145
386659
104232
260403
33733
585045
177706
795362
512009
357974
552746
693776
406161
5274
713804
224406
20903
374374
54247
342808
310147
792166
434480
178902
103127
416630
233063
792131
370799
367994
489003
473970
194971
94367
50177
10199
460629
241527
256747
177622
238521
282497
386647
415959
97950
30109
545567
577972
352424
40154
48118
485367
108742
782518
24805
158173
108752
161647
184793
326887
307122
695167
128476
144804
147230
428325
724114
677290
67441
184791
238477
658558
655312
744565
346025
31297
12892
389824
342824
737488
210888
97427
299830
568281
686784
803400
425613
435072
418658
690736
807045
20905
678589
411820
441853
181697
313404
103308
697400
79277
174241
370800
92741
51632
295324
747986
349035
706224
453730
299831
419211
648788
470629
274035
245162
422655
645032
226493
367522
316556
541345
5157
268456
256745
530355
737473
747999
758175
10395
612069
451405
245177
40065
225939
77383
274471
585028
42571
48384
216130
697431
508495
2623
342827
344875
36605
295321
215320
132299
734605
47036
511377
492246
750332
577422
7651
17245
332144
365005
251131
161646
155574
175044
700343
738068
648755
274456
660779
31295
274022
177645
36570
278133
80449
254135
758174
428286
667827
254125
504509
28494
31240
47112
31234
334000
270988
359168
142491
284944
684404
13676
64913
260045
65510
79284
30110
448928
379842
568274
151661
419854
2620
395973
274469
160920
265499
518782
264796
764991
33737
95062
106503
552738
792137
42794
247517
419866
60346
313965
706767
256785
458309
441822
262597
760475
178878
475072
298274
677288
270964
393129
408168
77328
490036
128377
385972
325706
606257
74354
168443
556702
42864
56236
31229
358567
50117
127142
145513
792136
210311
65512
425612
428326
754757
12883
326881
761728
80483
654665
789575
435074
536932
537937
248162
356041
376122
2421
127154
608130
703960
694260
270507
10284
259310
323524
786219
503976
549115
33769
765906
674362
774769
634651
18109
393115
106504
300385
706206
425740
242035
127135
467473
100396
671134
471249
706251
622444
602626
122244
274480
48187
138948
142475
20793
667884
80450
265483
112346
33721
329017
691380
428365
608067
342231
715137
145512
151008
277383
73855
97931
628439
86950
804326
584239
281028
438370
480229
15791
332786
312570
346047
297690
10394
154109
700897
362634
310662
118899
97426
28510
205435
2496
13513
162640
66130
504366
468147
5268
460647
640905
290035
10495
373787
690729
50051
789565
70854
657201
313964
602627
109495
380455
5023
488983
706776
118912
62560
263063
637558
473448
95033
725042
92729
297118
350141
15560
448927
448925
26149
604227
627692
399848
404997
73871
529670
602926
508485
686941
194487
717017
599334
168470
307131
562086
39448
503992
482577
385958
501862
364995
800777
388674
141072
448204
438358
159581
342807
758181
131761
161643
748003
51405
46949
761767
627676
107050
5082
46953
519392
552745
690740
465126
222084
686949
750345
51584
286448
173429
770112
515612
263061
470619
526084
444861
307597
298283
40266
441809
721385
409459
774797
135640
376898
125567
761708
268983
435069
549124
106497
7677
441844
265490
746534
127130
736922
288950
488001
385981
806374
239021
441143
7675
413750
770093
89425
198791
441783
441847
319024
5030
720796
683909
27581
720783
223060
361667
596772
222087
222061
388695
537340
483198
585099
247305
13481
726962
40328
12560
364981
77340
54296
319113
464514
205436
657200
100983
262594
235942
42608
13475
730559
282489
470600
282490
629542
600856
497472
356055
708735
361156
416648
39433
332788
455141
294812
10529
500511
640903
424962
282495
797099
681421
356028
356052
77335
252872
641436
590685
764989
18392
347823
326294
747323
798319
265498
346048
168932
678129
624110
250014
501868
155603
77458
158159
329698
224409
512037
18345
576678
677274
304680
76858
15690
281425
777668
798327
145523
385412
606240
655289
627687
310163
155568
798306
96874
326318
431511
62553
723567
441855
161601
357966
777648
51445
558861
113341
30114
97946
542366
706775
416643
352450
112323
703947
525454
212086
706225
304120
606239
445951
777705
448926
349060
326885
707367
514996
668039
48229
144028
118329
718185
223731
26144
804793
549127
600745
473952
529665
483681
648773
281030
118922
346184
263057
557915
80434
298287
148642
164291
257200
171607
248182
226503
292133
51598
675049
268455
256750
740888
106175
610387
251125
97428
89376
677296
352416
448923
349058
782603
2493
137514
51419
5108
428341
294836
112336
650705
177730
278915
56272
273507
332145
264795
688131
115829
322943
184867
92714
357965
300822
711012
112324
512027
310689
342840
512026
368448
349049
98851
316015
51486
175031
56362
700330
507987
77447
198795
122237
352439
458324
100386
285952
79274
31316
342833
810936
36569
438367
7634
382984
91645
798335
244580
807051
652054
33189
713954
382989
445954
576807
17226
95064
23463
146469
600764
329709
660786
368464
103688
158931
241955
244139
135655
335310
101482
292641
235938
260402
441850
648750
316557
364988
268988
708240
441858
581348
651307
568684
558890
242037
483187
9964
68520
782601
320381
270989
441851
561516
435071
671135
42667
593680
533429
24816
40101
441839
677289
730518
111272
406134
256743
317128
608122
455147
73845
622446
522949
51582
494481
33759
662602
693548
248175
222079
12929
441821
194485
774768
443253
717036
660807
232544
23462
77338
544851
512012
97429
47035
474694
40173
161508
304131
385957
734053
801389
367978
15582
292132
353018
660781
115808
584231
507970
42631
260064
382513
717035
103699
460667
441852
608090
519405
447684
79289
642111
122260
342826
13621
600768
26676
754751
31227
557207
313982
356048
307604
665346
204535
105775
107031
312563
441799
568288
802832
503494
721371
275453
652063
260048
264794
723014
530361
355460
681432
342239
657913
713955
89989
352993
674361
645027
332763
89367
441840
437655
356033
235933
495067
741751
155602
353017
255735
382994
609850
511384
648757
711650
585018
342230
635110
561518
105763
635080
451249
645020
309331
24840
364990
5103
60139
707818
295314
151648
602631
329025
111240
60185
370785
471270
702717
595905
707819
493384
599338
687220
638269
73869
223719
584238
441811
721361
17213
332146
504006
413748
13634
393078
294810
356026
642106
275866
406139
292658
97443
168458
122242
758223
652046
712211
792168
237923
501882
255567
51247
615667
307094
353016
42591
100972
720795
194420
54317
10470
620975
181676
121066
395974
30161
158919
341719
700906
346016
352414
661563
460645
7726
312562
423367
28490
177725
118345
556701
679151
792613
135628
319122
386645
359189
5137
59555
51312
268488
421530
73927
786892
552749
51643
346065
48237
411244
570722
270334
194459
221403
441859
47047
212082
473442
289561
489499
181638
346058
777730
250015
2562
200969
526714
713812
711005
424972
336025
648772
73865
437640
10486
441848
774766
688132
98859
145529
325358
77480
488000
777665
60260
51526
251102
319124
349695
89357
441788
24804
2365
297688
458327
365938
270326
706205
688117
441829
274457
210327
229633
424609
285955
241600
310670
661574
51476
717018
521835
240428
637698
747324
379287
624640
333732
138909
5331
346022
585091
317129
298301
47038
50171
385973
573968
737487
171628
600421
727321
179507
367989
178891
690739
364982
268990
292102
316558
432105
7704
645019
434486
441827
235430
393122
438378
312561
10511
177637
312564
693583
178916
17229
301349
357967
165333
758180
213258
103144
56275
339661
33778
47016
679163
31247
89365
96879
274455
330529
157384
328631
627617
453709
585082
46975
2621
31223
346059
279663
473953
498065
26702
412611
624639
307610
201799
625725
15580
304674
460649
522469
454421
39466
12538
24841
648752
443252
60141
181890
127066
501857
600770
255736
425756
86406
118931
801395
329717
501265
336553
356044
12898
480223
195616
48226
158158
30125
63139
396951
30126
218485
441825
468134
651319
558879
688127
809977
590692
624625
765016
561515
411625
224415
109885
510780
395288
73866
632008
632000
608088
541355
56951
231875
60172
187968
122261
51578
474710
751639
660811
91652
251113
158930
312565
708863
754755
355475
12917
373748
760476
118932
475077
555121
251121
459936
425677
274463
356051
203692
101483
238531
304661
761139
18197
208599
2361
429409
422672
85659
320382
216137
50174
33770
51580
77426
600432
803963
80481
600742
608091
441856
429398
777633
235928
18141
718184
444830
444838
609697
703946
596771
46971
464513
758224
440204
501872
69542
346049
63124
740353
563727
521307
95566
244583
437665
42821
730569
226494
89370
262596
24793
348399
697404
303427
608123
486567
80460
498079
534083
63137
204769
457694
267736
537948
741279
23459
688113
48238
441833
663969
633371
645015
68514
448223
341727
635100
777630
367985
764900
761723
235937
31281
434108
365012
386004
5048
734054
810547
388672
362242
316532
300820
667832
643612
294137
385975
51529
585022
95056
20836
31335
226920
434463
174252
483675
7764
697399
438379
458317
178867
10259
141885
285954
22927
36041
91646
103291
730558
700319
33695
444968
600741
218499
637547
228996
297658
479563
754756
653898
56261
441849
270986
31294
695166
640907
247537
281025
751643
590681
641424
501881
797101
758190
286454
28519
313956
465137
408734
471235
95091
7897
134292
24842
376138
86353
501290
51559
570707
764941
700894
313403
30138
20850
635733
580608
316543
797714
13606
138273
557205
125571
26701
747984
141886
223721
178880
545591
8519
306343
448227
224421
352126
740317
351920
94360
471265
359176
552744
260051
36567
77336
521857
167145
711673
691386
441834
111249
432093
695165
361171
200405
286449
703957
622443
254124
200404
253730
451937
76092
693569
17270
272328
717016
588950
518777
406178
312558
363740
274458
373786
379850
184871
480729
558895
809210
411010
15558
207980
292651
394771
444804
590709
272329
316544
642110
18124
267749
803976
590729
15671
17274
42733
222092
395287
461313
268968
70864
364987
712212
341721
624103
557905
2615
731118
512036
175041
171633
7695
764902
241516
406150
473954
789577
386629
332136
512018
714558
294152
317130
80459
422648
408725
135654
802829
353004
645021
473969
468131
42624
304109
563690
703388
12895
2362
332149
723590
224418
438377
363757
441831
254136
718175
323466
238995
207972
715135
434125
292656
434454
313409
282493
18135
96863
731137
42679
782622
40175
365003
603020
359185
84058
402282
646021
681985
606259
731112
15746
730550
473431
20843
489002
801405
544896
380456
371229
152347
687485
230191
438376
786893
341720
256748
471248
438333
441837
66134
275875
331247
238520
207305
10475
371239
20803
181898
451943
667883
103128
68991
561514
519381
60190
81941
693585
399862
160926
77401
438375
483176
51605
317170
303428
171617
307633
590683
702707
486537
507978
367984
600763
555125
73883
368449
609849
435513
92728
42831
122243
631312
18267
28504
492242
553140
271480
289552
568677
638876
358571
441854
470628
270332
319123
184764
501880
274464
675040
111864
526725
42557
807588
142490
181690
794789
483188
746609
294629
377379
7750
208849
361179
635094
47045
349059
98850
522554
260065
95589
13663
711663
10356
284607
149277
5140
711662
443245
51520
376136
117736
777669
251124
73186
284618
627637
28486
425669
346060
287730
438374
415547
681427
370089
585023
734023
170254
664482
547700
371246
590720
503343
252873
349069
47049
600769
353015
801388
329029
376874
558888
654068
22923
741752
15797
32968
254126
637548
422040
441828
274470
97945
341722
77323
770105
309330
4936
385982
730119
13518
377559
326898
383581
248158
422676
631994
207970
549114
73898
406160
31222
177716
600743
709903
797697
680946
504536
359169
231870
648775
233048
409468
501876
320394
10489
80485
230182
430888
94406
625375
250020
504522
161645
477881
393069
600641
429410
690175
435073
451966
628440
438362
106514
47059
545574
544924
271907
47093
138274
320389
688133
92268
60136
807066
94390
386632
419842
708233
706769
567137
711649
389793
581349
47044
10242
718203
725041
622458
275865
96878
798318
731113
238996
727842
295315
339650
486021
800215
18157
285946
401746
803402
488985
438373
292150
789793
178918
36575
255557
77472
268994
703956
631993
322140
241514
632633
585043
514398
40366
477871
748011
717657
445950
289537
13022
145530
178928
362240
573957
184874
690734
570248
437288
145890
425668
448898
263060
316537
80463
301952
161600
281389
483668
271465
419212
184872
403043
533409
50135
40139
194453
746787
416620
36804
91668
712200
103143
518784
441842
577389
13593
497469
281029
744580
377520
738324
388694
248157
26703
319799
286792
106522
648776
668844
323515
558181
708245
168453
798317
458318
671790
79282
339670
770067
438372
408773
480720
691378
740893
667821
254146
31283
459920
10205
51420
274043
504539
7787
24790
250016
365006
580068
24802
657205
5007
134279
526092
336521
640884
706233
286451
740896
28495
797696
51283
519397
267745
231863
711651
662609
411245
201786
346035
165336
521822
507997
5341
644308
158938
674374
379852
581334
135629
77446
20858
357969
304130
365002
500769
67986
233047
79265
73816
507980
310140
225411
413749
379830
298275
263054
201810
152360
304116
80470
443944
628426
48184
257206
267743
695172
42597
794770
571263
178917
298514
434490
18263
580610
23461
313419
445953
718205
585098
365004
800957
373000
39447
42751
511404
374341
533186
30121
382980
723584
233406
786872
326888
706203
30137
438369
622447
346090
441843
336016
326886
585031
604214
97930
441823
282492
40108
807065
294130
800802
447674
460648
164866
348415
585081
292672
101473
403013
441857
48265
687487
600431
148028
255566
306341
675033
498644
326899
711657
2523
697974
10528
690735
115807
233075
15581
267744
216120
346076
685350
367982
733417
590711
30176
422058
419880
810579
70312
270985
222091
40163
683783
233074
256242
30172
690738
600422
661555
288956
505548
744586
495852
234872
40345
658540
42585
441846
539666
441832
622462
761748
73185
312566
393106
367986
600429
309319
80444
699967
358590
671767
134282
80479
431525
475928
585092
380450
678120
641418
444860
56299
680952
706234
222093
590677
637697
216121
219178
370766
77337
299661
85668
7819
101486
349036
495069
727849
304115
441838
7719
262595
265977
479553
30127
281026
5218
718198
64872
703944
645018
118330
456873
42790
470630
684398
746804
46945
48179
468161
277384
638866
353023
490044
235916
33776
71878
748012
332157
770078
374361
5054
142489
364532
96864
707817
5267
678591
142476
194445
316003
40292
380451
80447
353003
7903
67427
482579
65511
310139
31261
440402
22912
15571
801396
576667
289567
718204
385983
477880
657204
256786
416636
684396
10254
595365
683912
73822
521859
77327
429896
441810
595509
622454
20854
480722
810597
103681
256222
445949
332787
739544
5225
112343
660821
278502
175030
303426
634633
292134
438371
15579
275876
316520
310157
761249
80480
614486
625382
39432
361169
144042
31220
782618
431520
471238
803986
558875
168466
274036
706753
355486
461323
255568
2627
522948
526722
297659
380449
612083
273506
51254
441830
438328
112340
763686
33289
597138
416859
184803
691381
158906
4943
480715
428283
483197
733418
435070
764968
419883
674340
703951
13632
750850
678221
197361
608079
12919
618042
563666
245176
292668
556514
40035
263056
445952
363755
131744
540021
292673
441824
441826
18299
95573
329710
234242
370798
675032
393120
39445
40064
734606
734052
234870
441835
764887
365927
66132
