19960820
19960821
19960822
19960823
19960824
19960825
19960826
19960827
19960828
19960829
19960830
19960831
19960901
19960902
19960903
19960904
19960905
19960906
19960907
19960908
19960909
19960910
19960911
19960912
19960913
19960914
19960915
19960916
19960917
19960918
19960919
19960920
19960921
19960922
19960923
19960924
19960925
19960926
19960927
19960928
19960929
19960930
19961001
19961002
19961003
19961004
19961005
19961006
19961007
19961008
19961009
19961010
19961011
19961012
19961013
19961014
19961015
19961016
19961017
19961018
19961019
19961020
19961021
19961022
19961023
19961024
19961025
19961026
19961027
19961028
19961029
19961030
19961031
19961101
19961102
19961103
19961104
19961105
19961106
19961107
19961108
19961109
19961110
19961111
19961112
19961113
19961114
19961115
19961116
19961117
19961118
19961119
19961120
19961121
19961122
19961123
19961124
19961125
19961126
19961127
19961128
19961129
19961130
19961201
19961202
19961203
19961204
19961205
19961206
19961207
19961208
19961209
19961210
19961211
19961212
19961213
19961214
19961215
19961216
19961217
19961218
19961219
19961220
19961221
19961222
19961223
19961224
19961225
19961226
19961227
19961228
19961229
19961230
19961231
19970101
19970102
19970103
19970104
19970105
19970106
19970107
19970108
19970109
19970110
19970111
19970112
19970113
19970114
19970115
19970116
19970117
19970118
19970119
19970120
19970121
19970122
19970123
19970124
19970125
19970126
19970127
19970128
19970129
19970130
19970131
19970201
19970202
19970203
19970204
19970205
19970206
19970207
19970208
19970209
19970210
19970211
19970212
19970213
19970214
19970215
19970216
19970217
19970218
19970219
19970220
19970221
19970222
19970223
19970224
19970225
19970226
19970227
19970228
19970301
19970302
19970303
19970304
19970305
19970306
19970307
19970308
19970309
19970310
19970311
19970312
19970313
19970314
19970315
19970316
19970317
19970318
19970319
19970320
19970321
19970322
19970323
19970324
19970325
19970326
19970327
19970328
19970329
19970330
19970331
19970401
19970402
19970403
19970404
19970405
19970406
19970407
19970408
19970409
19970410
19970411
19970412
19970413
19970414
19970415
19970416
19970417
19970418
19970419
19970420
19970421
19970422
19970423
19970424
19970425
19970426
19970427
19970428
19970429
19970430
19970501
19970502
19970503
19970504
19970505
19970506
19970507
19970508
19970509
19970510
19970511
19970512
19970513
19970514
19970515
19970516
19970517
19970518
19970519
19970520
19970521
19970522
19970523
19970524
19970525
19970526
19970527
19970528
19970529
19970530
19970531
19970601
19970602
19970603
19970604
19970605
19970606
19970607
19970608
19970609
19970610
19970611
19970612
19970613
19970614
19970615
19970616
19970617
19970618
19970619
19970620
19970621
19970622
19970623
19970624
19970625
19970626
19970627
19970628
19970629
19970630
19970701
19970702
19970703
19970704
19970705
19970706
19970707
19970708
19970709
19970710
19970711
19970712
19970713
19970714
19970715
19970716
19970717
19970718
19970719
19970720
19970721
19970722
19970723
19970724
19970725
19970726
19970727
19970728
19970729
19970730
19970731
19970801
19970802
19970803
19970804
19970805
19970806
19970807
19970808
19970809
19970810
19970811
19970812
19970813
19970814
19970815
19970816
19970817
19970818
19970819
